1355
1552
1553
1356
1554
1749
1750
1751
1752
1555
1753
1556
1754
1557
1755
1558
1756
1559
1757
1748
1946
1947
1948
1949
1950
1951
1952
1953
1954
1955
2144
2145
2146
2147
2148
2149
2150
2151
2152
2341
2342
2343
2344
2345
2346
2347
2348
2349
2539
2540
2541
2542
2543
2544
2545
2546
2738
2739
2740
2741
2742
2743
2940
